2
4
9
12
13
15
23
44
49
99
105
126
127
132
133
146
170
186
201
208
211
212
222
223
247
282
284
286
288
302
305
317
320
324
326
333
336
338
352
353
356
358
361
363
370
374
381
384
385
386
390
391
398
407
411
417
421
423
425
436
439
442
444
445
446
447
448
452
454
460
463
464
465
469
471
472
474
475
480
483
491
493
499
502
503
505
514
516
525
526
527
533
542
546
548
549
550
552
555
562
564
568
575
576
582
587
588
594
609
622
625
630
631
632
634
635
639
644
648
652
656
661
664
668
675
683
687
690
691
711
718
721
727
730
731
732
736
737
739
741
750
751
752
753
754
758
759
761
764
765
769
771
774
775
776
784
786
789
798
808
813
820
821
